650	0.007092323	0.794749881
650.5	0.007135965	0.794786216
651	0.00717406	0.794822526
651.5	0.007209978	0.794858812
652	0.007243766	0.794895072
652.5	0.007278938	0.794931308
653	0.007312444	0.79496752
653.5	0.007346486	0.795003707
654	0.007381207	0.795039869
654.5	0.007417418	0.795076006
655	0.007454935	0.795112119
655.5	0.007494947	0.795148208
656	0.007536295	0.795184272
656.5	0.007576776	0.795220312
657	0.007615736	0.795256328
657.5	0.007653289	0.795292319
658	0.00768853	0.795328286
658.5	0.00772312	0.795364228
659	0.007757634	0.795400147
659.5	0.007792556	0.795436041
660	0.007826445	0.795471911
660.5	0.007858281	0.795507757
661	0.007889603	0.795543578
661.5	0.007919965	0.795579376
662	0.007951061	0.79561515
662.5	0.007982366	0.7956509
663	0.008014278	0.795686626
663.5	0.008044902	0.795722328
664	0.008074405	0.795758006
664.5	0.008103079	0.79579366
665	0.008131118	0.79582929
665.5	0.008159264	0.795864897
666	0.008187572	0.79590048
666.5	0.008215756	0.795936039
667	0.008243134	0.795971574
667.5	0.008268578	0.796007086
668	0.008292091	0.796042574
668.5	0.008313329	0.796078039
669	0.008332024	0.79611348
669.5	0.008348629	0.796148898
670	0.008364364	0.796184292
670.5	0.008378902	0.796219662
671	0.008392949	0.79625501
671.5	0.008406316	0.796290334
672	0.008419551	0.796325634
672.5	0.008431327	0.796360911
673	0.008440887	0.796396165
673.5	0.008448251	0.796431396
674	0.008453445	0.796466603
674.5	0.008456368	0.796501788
675	0.008458069	0.796536949
675.5	0.008460134	0.796572087
676	0.008462744	0.796607202
676.5	0.008465539	0.796642294
677	0.008467485	0.796677363
677.5	0.008468591	0.796712409
678	0.008468278	0.796747432
678.5	0.008466779	0.796782432
679	0.008464514	0.796817409
679.5	0.008463079	0.796852363
680	0.008463427	0.796887295
680.5	0.008465368	0.796922203
681	0.008467445	0.796957089
681.5	0.00846863	0.796991952
682	0.008468075	0.797026793
682.5	0.008465848	0.797061611
683	0.008462039	0.797096406
683.5	0.008457234	0.797131178
684	0.008452287	0.797165928
684.5	0.008445879	0.797200656
685	0.008439309	0.797235361
685.5	0.008436328	0.797270043
686	0.008438596	0.797304703
686.5	0.008443242	0.797339341
687	0.008446729	0.797373956
687.5	0.008448283	0.797408549
688	0.008448194	0.797443119
688.5	0.008446611	0.797477668
689	0.008445303	0.797512194
689.5	0.008445714	0.797546697
690	0.008446571	0.797581179
690.5	0.008447216	0.797615638
691	0.008448142	0.797650075
691.5	0.008449397	0.79768449
692	0.008450483	0.797718883
692.5	0.008451641	0.797753254
693	0.008453283	0.797787603
693.5	0.008455074	0.79782193
694	0.008456845	0.797856235
694.5	0.008459377	0.797890518
695	0.008462039	0.797924779
695.5	0.008464653	0.797959019
696	0.008467696	0.797993236
696.5	0.008472803	0.798027432
697	0.008478986	0.798061605
697.5	0.008485108	0.798095757
698	0.008490104	0.798129888
698.5	0.008494586	0.798163996
699	0.008499023	0.798198083
699.5	0.008504382	0.798232149
700	0.008512498	0.798266192
700.5	0.008523871	0.798300215
701	0.008537433	0.798334215
701.5	0.008551986	0.798368194
702	0.00856765	0.798402152
702.5	0.008584897	0.798436088
703	0.008603115	0.798470003
703.5	0.008620973	0.798503896
704	0.00863781	0.798537768
704.5	0.008654862	0.798571618
705	0.008671078	0.798605448
705.5	0.008688339	0.798639255
706	0.008707424	0.798673042
706.5	0.008731373	0.798706808
707	0.008759015	0.798740552
707.5	0.008788452	0.798774275
708	0.008819051	0.798807977
708.5	0.008850403	0.798841658
709	0.008883313	0.798875317
709.5	0.008919278	0.798908956
710	0.00895872	0.798942574
710.5	0.009000572	0.79897617
711	0.00904169	0.799009746
711.5	0.009082454	0.7990433
712	0.009125899	0.799076834
712.5	0.009172305	0.799110347
713	0.009221598	0.799143839
713.5	0.009272292	0.79917731
714	0.00932577	0.799210761
714.5	0.009382077	0.79924419
715	0.00944036	0.799277599
715.5	0.009499914	0.799310987
716	0.009562381	0.799344354
716.5	0.009628493	0.799377701
717	0.009698519	0.799411027
717.5	0.009771294	0.799444332
718	0.009847051	0.799477617
718.5	0.009925314	0.799510881
719	0.010004649	0.799544125
719.5	0.010083598	0.799577348
720	0.010162372	0.799610551
720.5	0.010243343	0.799643733
721	0.01032828	0.799676895
721.5	0.010417302	0.799710036
722	0.010508608	0.799743157
722.5	0.010600847	0.799776258
723	0.010693838	0.799809338
723.5	0.010788777	0.799842398
724	0.010885872	0.799875438
724.5	0.010986626	0.799908458
725	0.011090002	0.799941457
725.5	0.011196323	0.799974436
726	0.011303873	0.800007395
726.5	0.01141189	0.800040334
727	0.011519714	0.800073253
727.5	0.011626678	0.800106151
728	0.0117341	0.80013903
728.5	0.011843052	0.800171888
729	0.01195285	0.800204727
729.5	0.012062121	0.800237545
730	0.012169183	0.800270344
730.5	0.01227538	0.800303122
731	0.012380037	0.800335881
731.5	0.012483419	0.80036862
732	0.01258586	0.800401339
732.5	0.012688621	0.800434038
733	0.012791542	0.800466717
733.5	0.012892751	0.800499377
734	0.01299189	0.800532017
734.5	0.013087907	0.800564637
735	0.013180733	0.800597237
735.5	0.013269586	0.800629818
736	0.013354016	0.800662379
736.5	0.013434102	0.80069492
737	0.013509748	0.800727442
737.5	0.013581503	0.800759944
738	0.013649018	0.800792427
738.5	0.013711281	0.80082489
739	0.013767581	0.800857334
739.5	0.013818271	0.800889758
740	0.013864435	0.800922163
740.5	0.013905793	0.800954548
741	0.013941685	0.800986914
741.5	0.013971238	0.801019261
742	0.013995678	0.801051588
742.5	0.014015149	0.801083896
743	0.014029508	0.801116184
743.5	0.014038085	0.801148453
744	0.01404163	0.801180703
744.5	0.014040476	0.801212934
745	0.014034745	0.801245146
745.5	0.014024482	0.801277338
746	0.01401036	0.801309511
746.5	0.01399346	0.801341666
747	0.013973196	0.801373801
747.5	0.01394946	0.801405917
748	0.013922492	0.801438013
748.5	0.013892421	0.801470091
749	0.013859433	0.80150215
749.5	0.01382362	0.80153419
750	0.013784829	0.801566211
750.5	0.013743772	0.801598213
751	0.013700736	0.801630196
751.5	0.013656744	0.80166216
752	0.013610758	0.801694105
752.5	0.013561813	0.801726031
753	0.013509831	0.801757939
753.5	0.013455315	0.801789828
754	0.013397856	0.801821698
754.5	0.01333736	0.801853549
755	0.013273737	0.801885382
755.5	0.013207266	0.801917195
756	0.013138309	0.801948991
756.5	0.013067388	0.801980767
757	0.012994301	0.802012525
757.5	0.012919731	0.802044264
758	0.012843964	0.802075985
758.5	0.012767279	0.802107687
759	0.012688805	0.802139371
759.5	0.012608402	0.802171036
760	0.012526345	0.802202682
760.5	0.012442349	0.80223431
761	0.012356688	0.80226592
761.5	0.012269287	0.802297511
762	0.012180623	0.802329084
762.5	0.012090938	0.802360638
763	0.012000756	0.802392174
763.5	0.011910523	0.802423692
764	0.011820314	0.802455191
764.5	0.01172976	0.802486673
765	0.011638845	0.802518135
765.5	0.011547098	0.80254958
766	0.011454351	0.802581007
766.5	0.011360558	0.802612415
767	0.011265603	0.802643805
767.5	0.01116987	0.802675177
768	0.011074275	0.80270653
768.5	0.010978346	0.802737866
769	0.010882847	0.802769184
769.5	0.010786933	0.802800483
770	0.010690609	0.802831764
770.5	0.010592993	0.802863028
771	0.01049405	0.802894273
771.5	0.010393754	0.802925501
772	0.010292184	0.80295671
772.5	0.01018944	0.802987902
773	0.010086128	0.803019075
773.5	0.009981995	0.803050231
774	0.009877958	0.803081369
774.5	0.009775949	0.803112489
775	0.009677336	0.803143591
775.5	0.009581714	0.803174676
776	0.009487911	0.803205742
776.5	0.009395905	0.803236791
777	0.009306444	0.803267823
777.5	0.009218666	0.803298836
778	0.009131903	0.803329832
778.5	0.009044647	0.80336081
779	0.0089567	0.80339177
779.5	0.008867846	0.803422713
780	0.008778191	0.803453638
780.5	0.008688012	0.803484546
781	0.008597689	0.803515436
781.5	0.008508128	0.803546308
782	0.008419793	0.803577163
782.5	0.008332625	0.803608001
783	0.008246615	0.803638821
783.5	0.008161508	0.803669623
784	0.008076962	0.803700408
784.5	0.00799203	0.803731176
785	0.00790727	0.803761926
785.5	0.00782452	0.803792659
786	0.007744706	0.803823375
786.5	0.007666736	0.803854073
787	0.007590213	0.803884754
787.5	0.007514648	0.803915418
788	0.007440902	0.803946064
788.5	0.00736836	0.803976693
789	0.007297317	0.804007305
789.5	0.007227459	0.8040379
790	0.007158526	0.804068477
790.5	0.007089416	0.804099037
791	0.00702054	0.80412958
791.5	0.006953676	0.804160107
792	0.006889456	0.804190615
792.5	0.006827489	0.804221107
793	0.006766445	0.804251582
793.5	0.006707626	0.80428204
794	0.006651129	0.804312481
794.5	0.006596579	0.804342904
795	0.006542432	0.804373311
795.5	0.006488637	0.804403701
796	0.006435159	0.804434074
796.5	0.006383522	0.804464429
797	0.006333755	0.804494768
797.5	0.006285425	0.80452509
798	0.006237072	0.804555396
798.5	0.006189091	0.804585684
799	0.00614294	0.804615956
799.5	0.00609847	0.80464621
800	0.006055216	0.804676448
800.5	0.006011416	0.80470667
801	0.00596852	0.804736874
801.5	0.00592697	0.804767062
802	0.00588651	0.804797233
802.5	0.00584601	0.804827387
803	0.005805039	0.804857525
803.5	0.005764348	0.804887646
804	0.005724226	0.80491775
804.5	0.005684451	0.804947838
805	0.005645099	0.804977909
805.5	0.005605379	0.805007964
806	0.005565816	0.805038002
806.5	0.005526116	0.805068024
807	0.005486789	0.805098029
807.5	0.0054479	0.805128018
808	0.005409557	0.80515799
808.5	0.005371624	0.805187945
809	0.005333261	0.805217885
809.5	0.005295277	0.805247807
810	0.005258522	0.805277714
810.5	0.005222911	0.805307604
811	0.00518773	0.805337478
811.5	0.005152382	0.805367335
812	0.005116375	0.805397176
812.5	0.005080164	0.805427001
813	0.005043908	0.805456809
813.5	0.005009846	0.805486601
814	0.004977959	0.805516377
814.5	0.004947637	0.805546137
815	0.004917681	0.805575881
815.5	0.004887434	0.805605608
816	0.004857586	0.805635319
816.5	0.004828905	0.805665014
817	0.004801367	0.805694693
817.5	0.004774585	0.805724356
818	0.004747814	0.805754003
818.5	0.004721517	0.805783633
819	0.004695612	0.805813248
819.5	0.004670631	0.805842846
820	0.004646523	0.805872429
820.5	0.004623173	0.805901995
821	0.004600285	0.805931546
821.5	0.004578624	0.80596108
822	0.004558241	0.805990599
822.5	0.004538829	0.806020102
823	0.004519216	0.806049589
823.5	0.004499971	0.806079059
824	0.004481201	0.806108514
824.5	0.00446295	0.806137954
825	0.004445111	0.806167377
825.5	0.004427751	0.806196785
826	0.004411018	0.806226176
826.5	0.004394377	0.806255552
827	0.004377523	0.806284912
827.5	0.004360368	0.806314257
828	0.004342775	0.806343586
828.5	0.004325698	0.806372899
829	0.004309569	0.806402196
829.5	0.004294714	0.806431478
830	0.004280093	0.806460744
830.5	0.004265244	0.806489994
831	0.00424985	0.806519229
831.5	0.004233925	0.806548448
832	0.004218038	0.806577651
832.5	0.00420236	0.806606839
833	0.004187374	0.806636012
833.5	0.004172884	0.806665169
834	0.00415925	0.80669431
834.5	0.004146308	0.806723436
835	0.004133777	0.806752547
835.5	0.004121323	0.806781641
836	0.004108673	0.806810721
836.5	0.004095576	0.806839785
837	0.004082121	0.806868834
837.5	0.004068521	0.806897867
838	0.004054945	0.806926885
838.5	0.004041619	0.806955888
839	0.00402822	0.806984875
839.5	0.004014758	0.807013847
840	0.004001102	0.807042803
840.5	0.003987478	0.807071745
841	0.003973762	0.807100671
841.5	0.003959899	0.807129581
842	0.00394574	0.807158477
842.5	0.00393169	0.807187357
843	0.00391815	0.807216223
843.5	0.003905543	0.807245073
844	0.003893718	0.807273907
844.5	0.003882261	0.807302727
845	0.003871186	0.807331531
845.5	0.003860499	0.807360321
846	0.003850161	0.807389095
846.5	0.003839806	0.807417854
847	0.00382934	0.807446599
847.5	0.003818703	0.807475328
848	0.003808402	0.807504042
848.5	0.003798473	0.807532741
849	0.003788603	0.807561425
849.5	0.003778307	0.807590094
850	0.003767561	0.807618748
850.5	0.003756474	0.807647387
851	0.003744849	0.807676011
851.5	0.003733087	0.807704621
852	0.003722089	0.807733215
852.5	0.003711545	0.807761795
853	0.003701328	0.807790359
853.5	0.003691012	0.807818909
854	0.003681442	0.807847444
854.5	0.003672463	0.807875964
855	0.003664265	0.80790447
855.5	0.003657247	0.80793296
856	0.003652613	0.807961436
856.5	0.00364964	0.807989897
857	0.003647636	0.808018343
857.5	0.003645275	0.808046775
858	0.003643251	0.808075192
858.5	0.003641544	0.808103594
859	0.003640584	0.808131982
859.5	0.003640575	0.808160355
860	0.003641929	0.808188713
860.5	0.003644546	0.808217056
861	0.00364816	0.808245385
861.5	0.003652506	0.8082737
862	0.00365685	0.808302
862.5	0.003661742	0.808330285
863	0.003667397	0.808358556
863.5	0.00367394	0.808386812
864	0.003680545	0.808415054
864.5	0.003687123	0.808443281
865	0.003694574	0.808471494
865.5	0.003703327	0.808499692
866	0.003713278	0.808527876
866.5	0.003724112	0.808556045
867	0.003734925	0.8085842
867.5	0.00374628	0.808612341
868	0.003758968	0.808640467
868.5	0.003773999	0.808668579
869	0.003790596	0.808696677
869.5	0.003807683	0.80872476
870	0.003824449	0.808752829
870.5	0.003841497	0.808780883
871	0.003860258	0.808808923
871.5	0.003881679	0.808836949
872	0.003905345	0.808864961
872.5	0.003929766	0.808892959
873	0.003954462	0.808920942
873.5	0.003979127	0.808948911
874	0.004004173	0.808976866
874.5	0.004030292	0.809004806
875	0.004057549	0.809032733
875.5	0.004085477	0.809060645
876	0.00411285	0.809088543
876.5	0.004140011	0.809116427
877	0.004166989	0.809144297
877.5	0.004193916	0.809172153
878	0.004220407	0.809199995
878.5	0.004246451	0.809227823
879	0.004271854	0.809255636
879.5	0.004296886	0.809283436
880	0.004320952	0.809311222
880.5	0.004344977	0.809338993
881	0.004369296	0.809366751
881.5	0.004395171	0.809394495
882	0.004422699	0.809422225
882.5	0.004452265	0.80944994
883	0.004484145	0.809477642
883.5	0.004518713	0.80950533
884	0.004556362	0.809533004
884.5	0.004598043	0.809560665
885	0.004643756	0.809588311
885.5	0.004693905	0.809615943
886	0.004748125	0.809643562
886.5	0.004805903	0.809671167
887	0.004867832	0.809698758
887.5	0.004936237	0.809726335
888	0.005013311	0.809753898
888.5	0.005098029	0.809781448
889	0.005187215	0.809808984
889.5	0.005280154	0.809836506
890	0.00537785	0.809864015
890.5	0.005482649	0.80989151
891	0.005595377	0.809918991
891.5	0.005716163	0.809946458
892	0.005844273	0.809973912
892.5	0.00597903	0.810001352
893	0.006121066	0.810028778
893.5	0.006271543	0.810056191
894	0.006431147	0.810083591
894.5	0.006598531	0.810110976
895	0.006771945	0.810138348
895.5	0.006950373	0.810165707
896	0.007133808	0.810193052
896.5	0.007321326	0.810220383
897	0.007511507	0.810247701
897.5	0.007701822	0.810275006
898	0.007890005	0.810302297
898.5	0.008074	0.810329574
899	0.008252597	0.810356838
899.5	0.008425371	0.810384089
900	0.008591248	0.810411326
900.5	0.008749059	0.81043855
901	0.008897293	0.81046576
901.5	0.009035576	0.810492957
902	0.009164149	0.81052014
902.5	0.009283407	0.810547311
903	0.009392988	0.810574467
903.5	0.009492961	0.810601611
904	0.00958342	0.810628741
904.5	0.00966475	0.810655858
905	0.009736402	0.810682962
905.5	0.009798125	0.810710052
906	0.009849572	0.810737129
906.5	0.009890401	0.810764193
907	0.009919572	0.810791243
907.5	0.009936143	0.810818281
908	0.009939717	0.810845305
908.5	0.009930227	0.810872316
909	0.009907521	0.810899314
909.5	0.009871365	0.810926298
910	0.009822093	0.81095327
910.5	0.009760471	0.810980228
911	0.009687464	0.811007173
911.5	0.009603761	0.811034105
912	0.009510756	0.811061024
912.5	0.00941053	0.81108793
913	0.009304362	0.811114823
913.5	0.009194405	0.811141703
914	0.009082822	0.811168569
914.5	0.008971359	0.811195423
915	0.008862039	0.811222264
915.5	0.008758067	0.811249091
916	0.008662608	0.811275906
916.5	0.008575966	0.811302708
917	0.008496707	0.811329496
917.5	0.008424285	0.811356272
918	0.008360449	0.811383035
918.5	0.00830815	0.811409785
919	0.008268938	0.811436522
919.5	0.008239801	0.811463246
920	0.008216279	0.811489957
920.5	0.008196543	0.811516655
921	0.008181588	0.811543341
921.5	0.008171501	0.811570014
922	0.008164975	0.811596673
922.5	0.008160717	0.81162332
923	0.008158462	0.811649954
923.5	0.008157392	0.811676576
924	0.008156976	0.811703184
924.5	0.008156665	0.81172978
925	0.008156768	0.811756363
925.5	0.008157583	0.811782934
926	0.008159266	0.811809491
926.5	0.008161962	0.811836036
927	0.008165958	0.811862568
927.5	0.008170416	0.811889088
928	0.008174986	0.811915595
928.5	0.00817892	0.811942089
929	0.008181985	0.81196857
929.5	0.008185517	0.811995039
930	0.008189507	0.812021496
930.5	0.008193995	0.812047939
931	0.008198045	0.81207437
931.5	0.008201685	0.812100789
932	0.008205227	0.812127195
932.5	0.008208092	0.812153588
933	0.008210371	0.812179969
933.5	0.00821234	0.812206337
934	0.008213449	0.812232693
934.5	0.008213292	0.812259036
935	0.008211586	0.812285367
935.5	0.008207865	0.812311685
936	0.008201684	0.812337991
936.5	0.008191991	0.812364284
937	0.008179082	0.812390565
937.5	0.008163081	0.812416833
938	0.008144136	0.812443089
938.5	0.008121844	0.812469333
939	0.008096118	0.812495564
939.5	0.008067229	0.812521783
940	0.008035756	0.812547989
940.5	0.008001215	0.812574183
941	0.007963186	0.812600365
941.5	0.007921437	0.812626535
942	0.007876484	0.812652692
942.5	0.007828214	0.812678836
943	0.007776598	0.812704969
943.5	0.007721868	0.812731089
944	0.00766442	0.812757197
944.5	0.007604433	0.812783293
945	0.007541629	0.812809376
945.5	0.00747653	0.812835447
946	0.007409061	0.812861506
946.5	0.007339259	0.812887553
947	0.007266564	0.812913588
947.5	0.007191224	0.81293961
948	0.007113832	0.81296562
948.5	0.007034944	0.812991618
949	0.006954783	0.813017604
949.5	0.006873246	0.813043578
950	0.006791062	0.813069539
950.5	0.006708782	0.813095489
951	0.006626395	0.813121426
951.5	0.006543309	0.813147352
952	0.006459387	0.813173265
952.5	0.006374628	0.813199166
953	0.006288736	0.813225055
953.5	0.006201778	0.813250932
954	0.006114096	0.813276797
954.5	0.006025818	0.81330265
955	0.005936581	0.813328491
955.5	0.005847541	0.81335432
956	0.005759215	0.813380137
956.5	0.005671983	0.813405942
957	0.005584262	0.813431735
957.5	0.005496817	0.813457517
958	0.005410587	0.813483286
958.5	0.00532616	0.813509043
959	0.005243221	0.813534789
959.5	0.005161608	0.813560522
960	0.005082803	0.813586244
960.5	0.005007493	0.813611953
961	0.004935406	0.813637651
961.5	0.004865619	0.813663337
962	0.004797234	0.813689011
962.5	0.004729768	0.813714674
963	0.004664244	0.813740324
963.5	0.004600918	0.813765963
964	0.004540144	0.81379159
964.5	0.004480722	0.813817205
965	0.004423708	0.813842808
965.5	0.00436955	0.8138684
966	0.004318401	0.81389398
966.5	0.004269567	0.813919548
967	0.004222217	0.813945104
967.5	0.004176713	0.813970649
968	0.004133723	0.813996182
968.5	0.004093938	0.814021703
969	0.004056457	0.814047213
969.5	0.004020377	0.814072711
970	0.003985934	0.814098197
970.5	0.003954103	0.814123671
971	0.003926097	0.814149134
971.5	0.003901665	0.814174586
972	0.003880022	0.814200026
972.5	0.003860627	0.814225454
973	0.00384338	0.81425087
973.5	0.003828283	0.814276275
974	0.003814298	0.814301669
974.5	0.003801289	0.814327051
975	0.003789465	0.814352421
975.5	0.003778856	0.81437778
976	0.003769981	0.814403127
976.5	0.003762562	0.814428463
977	0.003756037	0.814453787
977.5	0.003749645	0.8144791
978	0.003744382	0.814504401
978.5	0.003741163	0.814529691
979	0.003740541	0.814554969
979.5	0.003741937	0.814580236
980	0.003745112	0.814605491
980.5	0.00374997	0.814630735
981	0.003756084	0.814655968
981.5	0.003764074	0.814681189
982	0.003774256	0.814706399
982.5	0.003787321	0.814731598
983	0.003803485	0.814756785
983.5	0.003821945	0.814781961
984	0.003843124	0.814807125
984.5	0.003866812	0.814832278
985	0.003893669	0.81485742
985.5	0.003923857	0.81488255
986	0.00395665	0.814907669
986.5	0.003990692	0.814932777
987	0.004024607	0.814957874
987.5	0.004058368	0.814982959
988	0.004091685	0.815008033
988.5	0.004125013	0.815033096
989	0.004159222	0.815058147
989.5	0.004194634	0.815083188
990	0.004230441	0.815108217
990.5	0.004265812	0.815133235
991	0.004301801	0.815158241
991.5	0.004338718	0.815183237
992	0.004376799	0.815208221
992.5	0.00441552	0.815233194
993	0.004454109	0.815258156
993.5	0.004492864	0.815283107
994	0.004533251	0.815308047
994.5	0.004576363	0.815332976
995	0.004621613	0.815357893
995.5	0.004667539	0.8153828
996	0.004714145	0.815407695
996.5	0.004761349	0.815432579
997	0.004810378	0.815457452
997.5	0.004860785	0.815482314
998	0.004917787	0.815507165
