650	0.007381514	0.789092812
650.5	0.007420092	0.789145847
651	0.007456468	0.789198846
651.5	0.007492257	0.789251809
652	0.007527327	0.789304736
652.5	0.00756296	0.789357628
653	0.007597504	0.789410483
653.5	0.007632425	0.789463302
654	0.007668355	0.789516086
654.5	0.007706062	0.789568833
655	0.007744924	0.789621545
655.5	0.007784834	0.789674222
656	0.00782475	0.789726862
656.5	0.00786336	0.789779467
657	0.007900979	0.789832037
657.5	0.007937891	0.789884571
658	0.007972992	0.78993707
658.5	0.008008055	0.789989533
659	0.008042845	0.790041961
659.5	0.00807784	0.790094354
660	0.008111403	0.790146712
660.5	0.008143584	0.790199034
661	0.008174627	0.790251321
661.5	0.008204645	0.790303574
662	0.008234553	0.790355791
662.5	0.008265041	0.790407973
663	0.008295931	0.79046012
663.5	0.008325762	0.790512233
664	0.00835483	0.790564311
664.5	0.008383779	0.790616354
665	0.008413156	0.790668362
665.5	0.008442951	0.790720335
666	0.00847175	0.790772274
666.5	0.008500235	0.790824179
667	0.008528213	0.790876048
667.5	0.008554655	0.790927884
668	0.008578604	0.790979685
668.5	0.008599507	0.791031451
669	0.008617251	0.791083184
669.5	0.008632391	0.791134882
670	0.008646181	0.791186545
670.5	0.008658054	0.791238175
671	0.008669558	0.79128977
671.5	0.008681488	0.791341332
672	0.008694699	0.791392859
672.5	0.008707174	0.791444352
673	0.008717672	0.791495812
673.5	0.008726317	0.791547237
674	0.008733218	0.791598629
674.5	0.008738373	0.791649987
675	0.00874192	0.791701311
675.5	0.008744775	0.791752602
676	0.008746546	0.791803858
676.5	0.008747753	0.791855082
677	0.008747683	0.791906271
677.5	0.008746293	0.791957427
678	0.008743886	0.79200855
678.5	0.008740671	0.792059639
679	0.008737815	0.792110695
679.5	0.008736267	0.792161718
680	0.008736282	0.792212707
680.5	0.008737382	0.792263663
681	0.008738681	0.792314586
681.5	0.008739373	0.792365475
682	0.008738701	0.792416332
682.5	0.008737068	0.792467155
683	0.008734647	0.792517946
683.5	0.008731234	0.792568704
684	0.008727269	0.792619428
684.5	0.00872177	0.79267012
685	0.008716791	0.792720779
685.5	0.008714617	0.792771405
686	0.00871565	0.792821999
686.5	0.008718508	0.792872559
687	0.00872044	0.792923088
687.5	0.008721035	0.792973583
688	0.008721026	0.793024046
688.5	0.00872072	0.793074477
689	0.008721547	0.793124875
689.5	0.008722622	0.79317524
690	0.008723295	0.793225574
690.5	0.008722716	0.793275874
691	0.008721523	0.793326143
691.5	0.00872036	0.793376379
692	0.00871953	0.793426584
692.5	0.008718829	0.793476756
693	0.00871793	0.793526895
693.5	0.008717652	0.793577003
694	0.008717847	0.793627079
694.5	0.008719321	0.793677123
695	0.008721503	0.793727135
695.5	0.008724338	0.793777115
696	0.008727554	0.793827063
696.5	0.00873223	0.793876979
697	0.008738262	0.793926864
697.5	0.008744088	0.793976717
698	0.008748565	0.794026538
698.5	0.008752513	0.794076328
699	0.008756513	0.794126086
699.5	0.008761143	0.794175812
700	0.008767863	0.794225507
700.5	0.008778467	0.794275171
701	0.008792491	0.794324803
701.5	0.008807684	0.794374403
702	0.008823251	0.794423973
702.5	0.008839468	0.794473511
703	0.008856097	0.794523018
703.5	0.008872825	0.794572493
704	0.008888781	0.794621938
704.5	0.008904966	0.794671351
705	0.008920102	0.794720733
705.5	0.00893606	0.794770084
706	0.008954491	0.794819404
706.5	0.008977832	0.794868694
707	0.009004851	0.794917952
707.5	0.00903308	0.794967179
708	0.009061742	0.795016376
708.5	0.00909106	0.795065542
709	0.009122643	0.795114677
709.5	0.009157663	0.795163781
710	0.009196575	0.795212855
710.5	0.009237153	0.795261898
711	0.00927808	0.79531091
711.5	0.009319571	0.795359892
712	0.009363501	0.795408843
712.5	0.009409951	0.795457764
713	0.009457795	0.795506655
713.5	0.009506965	0.795555515
714	0.009557499	0.795604344
714.5	0.009610402	0.795653144
715	0.009665534	0.795701913
715.5	0.009723962	0.795750652
716	0.0097867	0.795799361
716.5	0.009853095	0.795848039
717	0.009921902	0.795896688
717.5	0.009992429	0.795945306
718	0.010065471	0.795993895
718.5	0.010140905	0.796042453
719	0.01021818	0.796090982
719.5	0.010295559	0.79613948
720	0.010373209	0.796187949
720.5	0.010452764	0.796236388
721	0.010538097	0.796284797
721.5	0.010628495	0.796333176
722	0.010720888	0.796381526
722.5	0.010812868	0.796429845
723	0.010903621	0.796478136
723.5	0.010996363	0.796526396
724	0.011091263	0.796574628
724.5	0.011190516	0.796622829
725	0.011292061	0.796671001
725.5	0.01139545	0.796719144
726	0.011500147	0.796767257
726.5	0.011605019	0.796815341
727	0.011710449	0.796863396
727.5	0.011815016	0.796911421
728	0.011921121	0.796959417
728.5	0.012029356	0.797007384
729	0.012138843	0.797055321
729.5	0.012246923	0.79710323
730	0.012352135	0.797151109
730.5	0.012456163	0.79719896
731	0.012559536	0.797246781
731.5	0.012662439	0.797294573
732	0.012766162	0.797342336
732.5	0.012870922	0.797390071
733	0.012974962	0.797437776
733.5	0.013075729	0.797485453
734	0.013173289	0.797533101
734.5	0.013267701	0.79758072
735	0.013358367	0.797628311
735.5	0.01344513	0.797675872
736	0.013528166	0.797723405
736.5	0.013608095	0.79777091
737	0.013684132	0.797818386
737.5	0.013755902	0.797865833
738	0.013822483	0.797913252
738.5	0.013883172	0.797960642
739	0.013938117	0.798008004
739.5	0.013987828	0.798055338
740	0.01403252	0.798102643
740.5	0.014071524	0.79814992
741	0.014105502	0.798197168
741.5	0.014134645	0.798244388
742	0.014159621	0.798291581
742.5	0.014179749	0.798338744
743	0.014194672	0.79838588
743.5	0.014204646	0.798432988
744	0.014210027	0.798480067
744.5	0.014210591	0.798527119
745	0.014206315	0.798574142
745.5	0.014197274	0.798621138
746	0.014184326	0.798668105
746.5	0.014167643	0.798715045
747	0.014146725	0.798761957
747.5	0.014121493	0.798808841
748	0.014092343	0.798855697
748.5	0.014060176	0.798902526
749	0.014025377	0.798949326
749.5	0.013988575	0.798996099
750	0.013950531	0.799042845
750.5	0.013910899	0.799089563
751	0.013869238	0.799136253
751.5	0.013824828	0.799182915
752	0.013777779	0.799229551
752.5	0.013728307	0.799276158
753	0.013676004	0.799322738
753.5	0.013620995	0.799369291
754	0.013563495	0.799415817
754.5	0.013503866	0.799462315
755	0.013442113	0.799508786
755.5	0.013378055	0.799555229
756	0.013311251	0.799601645
756.5	0.013241703	0.799648034
757	0.013169352	0.799694396
757.5	0.013095033	0.799740731
758	0.013018975	0.799787039
758.5	0.012941436	0.799833319
759	0.012862214	0.799879573
759.5	0.012781519	0.799925799
760	0.012698427	0.799971999
760.5	0.012613099	0.800018172
761	0.012525629	0.800064317
761.5	0.012436872	0.800110436
762	0.012347725	0.800156528
762.5	0.012258977	0.800202593
763	0.01217054	0.800248632
763.5	0.012082089	0.800294644
764	0.011993488	0.800340629
764.5	0.011904278	0.800386587
765	0.011814057	0.800432519
765.5	0.011722542	0.800478424
766	0.011629922	0.800524302
766.5	0.011536202	0.800570154
767	0.011441495	0.80061598
767.5	0.01134599	0.800661779
768	0.01125036	0.800707552
768.5	0.011154587	0.800753298
769	0.011059413	0.800799017
769.5	0.010964119	0.800844711
770	0.010868365	0.800890378
770.5	0.010771612	0.800936019
771	0.01067356	0.800981634
771.5	0.010574128	0.801027222
772	0.010473461	0.801072784
772.5	0.01037181	0.80111832
773	0.010269509	0.80116383
773.5	0.0101661	0.801209314
774	0.010062366	0.801254772
774.5	0.00995986	0.801300204
775	0.00986044	0.80134561
775.5	0.009764181	0.801390989
776	0.009670541	0.801436343
776.5	0.009578869	0.801481671
777	0.009489469	0.801526974
777.5	0.009401572	0.80157225
778	0.009314095	0.801617501
778.5	0.009226166	0.801662725
779	0.009137722	0.801707924
779.5	0.00904874	0.801753098
780	0.008959166	0.801798245
780.5	0.008869018	0.801843367
781	0.008779073	0.801888464
781.5	0.008690181	0.801933534
782	0.008602752	0.80197858
782.5	0.008515982	0.802023599
783	0.008430025	0.802068594
783.5	0.008344228	0.802113562
784	0.008258929	0.802158506
784.5	0.008173388	0.802203424
785	0.008088321	0.802248316
785.5	0.00800551	0.802293184
786	0.007925603	0.802338025
786.5	0.007847759	0.802382842
787	0.00777092	0.802427634
787.5	0.007695293	0.8024724
788	0.007621755	0.802517141
788.5	0.007549869	0.802561857
789	0.007478753	0.802606547
789.5	0.007408147	0.802651213
790	0.007338007	0.802695854
790.5	0.007268141	0.802740469
791	0.007199116	0.80278506
791.5	0.00713308	0.802829625
792	0.00707015	0.802874166
792.5	0.007009272	0.802918681
793	0.00694874	0.802963172
793.5	0.00688921	0.803007638
794	0.006831726	0.803052079
794.5	0.006776207	0.803096496
795	0.006721691	0.803140887
795.5	0.006667873	0.803185254
796	0.006614363	0.803229596
796.5	0.006562069	0.803273914
797	0.006511264	0.803318206
797.5	0.00646196	0.803362474
798	0.006413484	0.803406718
798.5	0.006365387	0.803450937
799	0.006318476	0.803495131
799.5	0.006273068	0.803539301
800	0.006228951	0.803583447
800.5	0.006184869	0.803627568
801	0.006141897	0.803671665
801.5	0.006100514	0.803715737
802	0.006060099	0.803759785
802.5	0.006019731	0.803803808
803	0.005978464	0.803847807
803.5	0.005937218	0.803891782
804	0.0058964	0.803935733
804.5	0.005856255	0.803979659
805	0.00581662	0.804023562
805.5	0.005776684	0.80406744
806	0.005737025	0.804111294
806.5	0.00569749	0.804155124
807	0.005658193	0.80419893
807.5	0.005619084	0.804242711
808	0.005580465	0.804286469
808.5	0.005542107	0.804330203
809	0.005503355	0.804373913
809.5	0.005464534	0.804417599
810	0.005426729	0.80446126
810.5	0.005390285	0.804504899
811	0.005354706	0.804548513
811.5	0.005318984	0.804592103
812	0.005282742	0.80463567
812.5	0.005246225	0.804679213
813	0.005209654	0.804722732
813.5	0.005174891	0.804766227
814	0.005142358	0.804809699
814.5	0.00511176	0.804853147
815	0.005081556	0.804896571
815.5	0.005051074	0.804939972
816	0.005021192	0.804983349
816.5	0.004992662	0.805026703
817	0.004965194	0.805070033
817.5	0.004938144	0.805113339
818	0.004910701	0.805156623
818.5	0.004883432	0.805199882
819	0.004856412	0.805243119
819.5	0.004830715	0.805286332
820	0.004806277	0.805329521
820.5	0.004782901	0.805372687
821	0.00475966	0.80541583
821.5	0.004737667	0.80545895
822	0.00471679	0.805502046
822.5	0.00469671	0.805545119
823	0.004676722	0.805588169
823.5	0.004657338	0.805631196
824	0.004638391	0.8056742
824.5	0.004619714	0.80571718
825	0.004600852	0.805760138
825.5	0.004582727	0.805803072
826	0.004565313	0.805845984
826.5	0.004548349	0.805888872
827	0.004531279	0.805931737
827.5	0.004513718	0.80597458
828	0.004495942	0.806017399
828.5	0.00447861	0.806060195
829	0.004462162	0.806102969
829.5	0.004446521	0.80614572
830	0.004431125	0.806188448
830.5	0.004415543	0.806231153
831	0.004399662	0.806273835
831.5	0.004383362	0.806316495
832	0.004367219	0.806359132
832.5	0.004351315	0.806401746
833	0.004336124	0.806444337
833.5	0.004321382	0.806486906
834	0.00430764	0.806529452
834.5	0.004294589	0.806571976
835	0.004282034	0.806614477
835.5	0.004269509	0.806656956
836	0.00425666	0.806699412
836.5	0.004243427	0.806741845
837	0.004229761	0.806784256
837.5	0.004215822	0.806826645
838	0.004201807	0.806869011
838.5	0.004187925	0.806911355
839	0.004173989	0.806953676
839.5	0.00415992	0.806995975
840	0.00414539	0.807038252
840.5	0.004130796	0.807080506
841	0.00411638	0.807122738
841.5	0.004102124	0.807164948
842	0.004087895	0.807207136
842.5	0.004073538	0.807249301
843	0.00405964	0.807291445
843.5	0.00404657	0.807333566
844	0.004034224	0.807375665
844.5	0.004022445	0.807417742
845	0.004010995	0.807459797
845.5	0.003999943	0.80750183
846	0.003989194	0.80754384
846.5	0.003978557	0.807585829
847	0.003968134	0.807627796
847.5	0.003957554	0.807669741
848	0.003947164	0.807711664
848.5	0.003936703	0.807753565
849	0.003926107	0.807795444
849.5	0.003915087	0.807837301
850	0.003903675	0.807879137
850.5	0.003892178	0.807920951
851	0.003880212	0.807962743
851.5	0.003868284	0.808004513
852	0.00385717	0.808046261
852.5	0.003846574	0.808087988
853	0.0038363	0.808129693
853.5	0.003825625	0.808171376
854	0.003815743	0.808213038
854.5	0.003806324	0.808254678
855	0.0037978	0.808296297
855.5	0.00379005	0.808337894
856	0.003784689	0.808379469
856.5	0.003781161	0.808421023
857	0.003778871	0.808462556
857.5	0.003776376	0.808504067
858	0.003773993	0.808545556
858.5	0.003771906	0.808587025
859	0.003770365	0.808628471
859.5	0.003770036	0.808669897
860	0.003771409	0.808711301
860.5	0.003774091	0.808752683
861	0.003777459	0.808794045
861.5	0.003781192	0.808835385
862	0.00378515	0.808876704
862.5	0.003789643	0.808918001
863	0.003795039	0.808959278
863.5	0.003801121	0.809000533
864	0.003807649	0.809041767
864.5	0.003814247	0.80908298
865	0.003821926	0.809124172
865.5	0.003830826	0.809165343
866	0.003840817	0.809206492
866.5	0.003851624	0.809247621
867	0.003862423	0.809288728
867.5	0.00387365	0.809329815
868	0.003885972	0.809370881
868.5	0.003900144	0.809411925
869	0.003915735	0.809452949
869.5	0.003931774	0.809493952
870	0.003948132	0.809534934
870.5	0.003965672	0.809575895
871	0.003985194	0.809616835
871.5	0.004006627	0.809657754
872	0.004029463	0.809698653
872.5	0.004053021	0.809739531
873	0.004077162	0.809780388
873.5	0.00410172	0.809821224
874	0.004126787	0.80986204
874.5	0.004152912	0.809902835
875	0.004179779	0.809943609
875.5	0.004206991	0.809984362
876	0.004233745	0.810025095
876.5	0.004260814	0.810065808
877	0.004287843	0.8101065
877.5	0.004314931	0.810147171
878	0.004341224	0.810187822
878.5	0.004366894	0.810228452
879	0.004391797	0.810269062
879.5	0.004416133	0.810309651
880	0.00443971	0.81035022
880.5	0.004463431	0.810390768
881	0.004487762	0.810431296
881.5	0.004513731	0.810471804
882	0.004541339	0.810512291
882.5	0.004570898	0.810552758
883	0.004602573	0.810593205
883.5	0.004636465	0.810633631
884	0.004673232	0.810674037
884.5	0.004714422	0.810714423
885	0.004759974	0.810754789
885.5	0.004809904	0.810795134
886	0.004863933	0.81083546
886.5	0.004921911	0.810875765
887	0.004984142	0.81091605
887.5	0.00505244	0.810956314
888	0.005129284	0.810996559
888.5	0.005214054	0.811036784
889	0.005303388	0.811076988
889.5	0.00539634	0.811117173
890	0.005493827	0.811157338
890.5	0.005598081	0.811197482
891	0.005709846	0.811237607
891.5	0.005829433	0.811277712
892	0.005956683	0.811317796
892.5	0.006090732	0.811357861
893	0.006232202	0.811397906
893.5	0.006382162	0.811437931
894	0.006541561	0.811477936
894.5	0.006709129	0.811517922
895	0.006882726	0.811557888
895.5	0.007060991	0.811597833
896	0.007243591	0.81163776
896.5	0.007429957	0.811677666
897	0.007619285	0.811717553
897.5	0.007809068	0.81175742
898	0.007996909	0.811797267
898.5	0.008180293	0.811837094
899	0.008358033	0.811876902
899.5	0.008529703	0.811916691
900	0.008694316	0.81195646
900.5	0.008850799	0.811996209
901	0.00899759	0.812035939
901.5	0.009134347	0.812075649
902	0.009261591	0.812115339
902.5	0.009380071	0.81215501
903	0.009489538	0.812194662
903.5	0.009589634	0.812234294
904	0.009680149	0.812273907
904.5	0.009761546	0.812313501
905	0.009833689	0.812353075
905.5	0.009896092	0.812392629
906	0.009947782	0.812432164
906.5	0.009988124	0.81247168
907	0.010016525	0.812511177
907.5	0.010032477	0.812550654
908	0.010035531	0.812590113
908.5	0.010025439	0.812629551
909	0.010002207	0.812668971
909.5	0.009965738	0.812708371
910	0.00991628	0.812747753
910.5	0.009854444	0.812787115
911	0.009781446	0.812826458
911.5	0.009698151	0.812865781
912	0.009605668	0.812905086
912.5	0.009505602	0.812944372
913	0.009399525	0.812983638
913.5	0.009289706	0.813022886
914	0.009177776	0.813062114
914.5	0.009065651	0.813101324
915	0.008956151	0.813140514
915.5	0.008853549	0.813179686
916	0.008760063	0.813218838
916.5	0.008674617	0.813257972
917	0.008595476	0.813297086
917.5	0.008522949	0.813336182
918	0.008459205	0.813375259
918.5	0.008406655	0.813414317
919	0.008366371	0.813453356
919.5	0.008336625	0.813492377
920	0.008313649	0.813531378
920.5	0.008295039	0.813570361
921	0.008280609	0.813609325
921.5	0.008270714	0.813648271
922	0.008263918	0.813687197
922.5	0.008259195	0.813726105
923	0.008255642	0.813764995
923.5	0.008253448	0.813803865
924	0.008251869	0.813842717
924.5	0.008250135	0.813881551
925	0.008249767	0.813920365
925.5	0.008250814	0.813959161
926	0.008253661	0.813997939
926.5	0.008256803	0.814036698
927	0.008260562	0.814075439
927.5	0.00826466	0.814114161
928	0.008268722	0.814152864
928.5	0.008272481	0.814191549
929	0.00827489	0.814230216
929.5	0.00827825	0.814268864
930	0.008282264	0.814307494
930.5	0.008287368	0.814346105
931	0.008291544	0.814384698
931.5	0.00829513	0.814423273
932	0.00829816	0.814461829
932.5	0.008300318	0.814500367
933	0.008301527	0.814538887
933.5	0.008302115	0.814577388
934	0.008302142	0.814615871
934.5	0.008300885	0.814654336
935	0.008298407	0.814692783
935.5	0.008293943	0.814731211
936	0.008287051	0.814769621
936.5	0.008276826	0.814808013
937	0.008263393	0.814846387
937.5	0.008247137	0.814884743
938	0.008227956	0.814923081
938.5	0.008205424	0.8149614
939	0.008179652	0.814999702
939.5	0.008151067	0.815037985
940	0.008119673	0.81507625
940.5	0.00808505	0.815114498
941	0.008046717	0.815152727
941.5	0.00800504	0.815190938
942	0.007960162	0.815229132
942.5	0.007911993	0.815267307
943	0.007860597	0.815305464
943.5	0.007806053	0.815343604
944	0.007748674	0.815381726
944.5	0.007688456	0.815419829
945	0.007625571	0.815457915
945.5	0.007560404	0.815495983
946	0.007492622	0.815534033
946.5	0.007422074	0.815572066
947	0.007348829	0.81561008
947.5	0.007273422	0.815648077
948	0.007196404	0.815686056
948.5	0.007117526	0.815724018
949	0.007037662	0.815761961
949.5	0.006956523	0.815799887
950	0.006874768	0.815837795
950.5	0.006792522	0.815875686
951	0.006710006	0.815913559
951.5	0.006626976	0.815951414
952	0.006542796	0.815989251
952.5	0.006458305	0.816027071
953	0.006372927	0.816064874
953.5	0.006286735	0.816102659
954	0.006199541	0.816140426
954.5	0.006111622	0.816178176
955	0.006022896	0.816215908
955.5	0.005934494	0.816253623
956	0.005846585	0.81629132
956.5	0.005759296	0.816329
957	0.005671548	0.816366662
957.5	0.005584393	0.816404307
958	0.005498685	0.816441935
958.5	0.005414595	0.816479545
959	0.005332322	0.816517138
959.5	0.005251464	0.816554713
960	0.005172731	0.816592271
960.5	0.005096776	0.816629812
961	0.005023977	0.816667335
961.5	0.004953738	0.816704842
962	0.004884845	0.81674233
962.5	0.004816816	0.816779802
963	0.004750772	0.816817256
963.5	0.004687183	0.816854694
964	0.004626447	0.816892113
964.5	0.004567076	0.816929516
965	0.004510157	0.816966902
965.5	0.00445627	0.81700427
966	0.004405717	0.817041622
966.5	0.00435719	0.817078956
967	0.004309271	0.817116273
967.5	0.004262586	0.817153573
968	0.004218874	0.817190856
968.5	0.004179392	0.817228121
969	0.004142781	0.81726537
969.5	0.00410711	0.817302602
970	0.004072271	0.817339817
970.5	0.004039778	0.817377015
971	0.004011276	0.817414195
971.5	0.003986545	0.817451359
972	0.00396428	0.817488506
972.5	0.003943967	0.817525636
973	0.003925589	0.817562749
973.5	0.00390956	0.817599845
974	0.003895106	0.817636925
974.5	0.003882013	0.817673987
975	0.003870097	0.817711033
975.5	0.003859433	0.817748062
976	0.003850448	0.817785074
976.5	0.003842909	0.817822069
977	0.003836192	0.817859047
977.5	0.003829854	0.817896009
978	0.003824636	0.817932954
978.5	0.003820778	0.817969882
979	0.003818809	0.818006793
979.5	0.003818915	0.818043688
980	0.00382141	0.818080566
980.5	0.003826195	0.818117428
981	0.003832655	0.818154272
981.5	0.003840796	0.818191101
982	0.003850741	0.818227912
982.5	0.003863619	0.818264707
983	0.003880015	0.818301485
983.5	0.00389888	0.818338247
984	0.003920321	0.818374992
984.5	0.003944092	0.818411721
985	0.00397052	0.818448433
985.5	0.003999844	0.818485129
986	0.004031922	0.818521808
986.5	0.00406562	0.818558471
987	0.004099308	0.818595117
987.5	0.004132682	0.818631747
988	0.004165743	0.81866836
988.5	0.004198778	0.818704957
989	0.004232665	0.818741538
989.5	0.004267573	0.818778102
990	0.004303055	0.81881465
990.5	0.004337796	0.818851181
991	0.004373095	0.818887697
991.5	0.004409361	0.818924195
992	0.004447033	0.818960678
992.5	0.004485563	0.818997144
993	0.004524077	0.819033594
993.5	0.004562331	0.819070028
994	0.004602052	0.819106445
994.5	0.004644224	0.819142847
995	0.004688936	0.819179232
995.5	0.004734691	0.819215601
996	0.004780708	0.819251953
996.5	0.004827298	0.81928829
997	0.004875964	0.81932461
997.5	0.004927003	0.819360915
998	0.004984786	0.819397203
