%wavelength	Mua Oil	Mua water	cpta (mm-1)/(mg/L)	Mua Triton
400	0.016141122	-0.00066775	0	-0.008028347
402	0.013447097	-0.001711588	0	-0.009018458
404	0.012602816	-0.000859632	0	-0.008458163
406	0.011129161	-0.001389226	0	-0.009156613
408	0.010737722	-0.001020813	0	-0.008818901
410	0.009294768	-0.001389226	0	-0.00932547
412	0.008864953	-0.001181994	0	-0.009056835
414	0.007652258	-0.001527381	0	-0.00934082
416	0.006831002	-0.001274097	0	-0.009525027
418	0.006286057	-0.001212695	0	-0.009716909
420	0.005464802	-0.001143617	0	-0.009594105
422	0.004751001	-0.00149668	0	-0.010131374
424	0.004351886	-0.001665537	0	-0.009832038
426	0.003622734	-0.001819042	0	-0.009809012
428	0.003300372	-0.00161181	0	-0.010246504
430	0.002793803	-0.001634835	0	-0.009939492
432	0.002126054	-0.001972548	0	-0.010438386
434	0.001596459	-0.002064651	0	-0.010208127
436	0.001519706	-0.001680887	0	-0.01013905
438	0.000736827	-0.002417714	0	-0.010645618
440	0.000521919	-0.002072327	0	-0.0101544
442	0.000168856	-0.002317936	0	-0.010476762
444	-0.000483543	-0.002325611	0	-0.010384659
446	-0.000544945	-0.002248858	0	-0.010292555
448	-0.00107454	-0.002578895	0	-0.010637943
450	-0.000974761	-0.002233508	0	-0.010108349
452	-0.00161181	-0.002624947	0	-0.010384659
454	-0.00188812	-0.002532844	0	-0.010469087
456	-0.002080002	-0.002578895	0	-0.010338607
458	-0.002371663	-0.00271705	0	-0.010476762
460	-0.002632622	-0.002632622	0	-0.010277205
462	-0.002855206	-0.002578895	0	-0.010538164
464	-0.003346424	-0.002624947	0	-0.010845176
466	-0.003653435	-0.002647973	0	-0.010806799
468	-0.003852992	-0.002471441	0	-0.01082215
470	-0.004160004	-0.002463766	0	-0.010768423
472	-0.004467015	-0.002578895	0	-0.010730047
474	-0.004628196	-0.002555869	0	-0.010860526
476	-0.004804728	-0.002540519	0	-0.010584216
478	-0.005180816	-0.002617272	0	-0.010730047
480	-0.005388049	-0.002786128	0	-0.010722371
482	-0.00569506	-0.002786128	0	-0.010768423
484	-0.005641333	-0.002732401	0	-0.010530489
486	-0.006017422	-0.00284753	0	-0.010637943
488	-0.00610185	-0.002801479	0	-0.010614917
490	-0.006286057	-0.002893582	0	-0.010614917
492	-0.006508641	-0.002916608	0	-0.010645618
494	-0.006738899	-0.00310849	0	-0.01082215
496	-0.0067696	-0.002924283	0	-0.010630268
498	-0.006877054	-0.003001036	0	-0.010653294
500	-0.007068936	-0.002962659	0	-0.010668644
502	-0.007276169	-0.003016386	0	-0.010637943
504	-0.007460376	-0.00310849	0	-0.010768423
506	-0.007468051	-0.003116165	0	-0.010668644
508	-0.007590856	-0.003154542	0	-0.010722371
510	-0.00758318	-0.003077789	0	-0.010591891
512	-0.007721335	-0.003146866	0	-0.010660969
514	-0.007752036	-0.003077789	0	-0.010653294
516	-0.007897867	-0.003131516	0	-0.010660969
518	-0.007874841	-0.003169892	0	-0.010637943
520	-0.008158827	-0.003338748	0	-0.010829825
522	-0.008082074	-0.003246645	0	-0.010722371
524	-0.008243255	-0.003338748	0	-0.010776098
526	-0.0081051	-0.003192918	0	-0.010614917
528	-0.008312332	-0.003453878	0	-0.010753072
530	-0.008243255	-0.003246645	0	-0.010614917
532	-0.0081051	-0.003208269	0	-0.010492113
534	-0.008335358	-0.0033848	0	-0.010707021
536	-0.008419786	-0.003338748	0	-0.010730047
538	-0.00838141	-0.003430852	0	-0.010776098
540	-0.008427461	-0.003338748	0	-0.010683995
542	-0.008427461	-0.003453878	0	-0.010707021
544	-0.008450487	-0.003407826	0	-0.010730047
546	-0.008496539	-0.003499929	0	-0.010637943
548	-0.00865772	-0.003615059	0	-0.010799124
550	-0.008519565	-0.003492254	0	-0.010707021
552	-0.008565617	-0.003676461	0	-0.010753072
554	-0.008450487	-0.003438527	0	-0.010614917
556	-0.008435137	-0.003446202	0	-0.010614917
558	-0.008680746	-0.003607383	0	-0.010730047
560	-0.008588642	-0.003584357	0	-0.010683995
562	-0.008611668	-0.003599708	0	-0.010683995
564	-0.008550266	-0.003499929	0	-0.010614917
566	-0.008680746	-0.00366111	0	-0.010707021
568	-0.008565617	-0.003592033	0	-0.010568866
570	-0.008634694	-0.003707162	0	-0.010637943
572	-0.008619344	-0.003638084	0	-0.010614917
574	-0.008634694	-0.003615059	0	-0.010599567
576	-0.00865772	-0.003707162	0	-0.010653294
578	-0.008634694	-0.003699487	0	-0.01056119
580	-0.008634694	-0.00366111	0	-0.010538164
582	-0.008749823	-0.003753214	0	-0.010653294
584	-0.008680746	-0.003684136	0	-0.010568866
586	-0.008634694	-0.00366111	0	-0.010522814
588	-0.008749823	-0.003730188	0	-0.010607242
590	-0.008650045	-0.003730188	0	-0.010553515
592	-0.008688421	-0.003684136	0	-0.01056119
594	-0.008696096	-0.003737863	0	-0.010576541
596	-0.008688421	-0.003707162	0	-0.010515139
598	-0.008734473	-0.00377624	0	-0.010599567
600	-0.008696096	-0.003699487	0	-0.010522814
602	-0.008749823	-0.003737863	0	-0.01054584
604	-0.008719122	-0.003691811	0	-0.010515139
606	-0.008703772	-0.003730188	0	-0.010484437
608	-0.008688421	-0.003753214	0	-0.010499788
610	-0.008772849	-0.003806941	0	-0.010515139
612	-0.008726798	-0.003799265	0	-0.010461412
614	-0.008711447	-0.003753214	0	-0.010446061
616	-0.00865772	-0.00379159	0	-0.010407685
618	-0.008680746	-0.003783915	0	-0.010423035
620	-0.00865772	-0.00379159	0	-0.010353958
622	-0.008719122	-0.003860668	0	-0.010392334
624	-0.008719122	-0.003868343	0	-0.010407685
626	-0.008680746	-0.003876018	0	-0.010300231
628	-0.008634694	-0.003837642	0	-0.01028488
630	-0.008665395	-0.003891369	0	-0.01028488
632	-0.008703772	-0.00392207	0	-0.01026953
634	-0.008627019	-0.003929745	0	-0.010246504
636	-0.00865772	-0.00392207	0	-0.010223478
638	-0.008634694	-0.003952771	0	-0.010177426
640	-0.008673071	-0.003960446	0	-0.010185101
642	-0.008611668	-0.003983472	0	-0.0101544
644	-0.008619344	-0.003983472	0	-0.010177426
646	-0.008580967	-0.003983472	0	-0.010108349
648	-0.008588642	-0.003975797	0	-0.010116024
650	-0.008619344	-0.003991147	6.06E-04	-0.010092998
652	-0.008611668	-0.004006498	5.94E-04	-0.010085323
654	-0.008650045	-0.004014173	5.80E-04	-0.010039271
656	-0.008619344	-0.003983472	5.68E-04	-0.010031596
658	-0.008642369	-0.003983472	5.60E-04	-0.009977869
660	-0.008596318	-0.003968122	5.51E-04	-0.009931817
662	-0.008711447	-0.004060225	5.44E-04	-0.010077647
664	-0.008665395	-0.004014173	5.41E-04	-0.009970193
666	-0.008665395	-0.003998823	5.39E-04	-0.009924142
668	-0.008634694	-0.003983472	5.36E-04	-0.009901116
670	-0.008642369	-0.004014173	5.37E-04	-0.009916466
672	-0.008627019	-0.004021849	5.37E-04	-0.009893441
674	-0.008619344	-0.003991147	5.38E-04	-0.009832038
676	-0.008688421	-0.004090926	5.43E-04	-0.009939492
678	-0.008634694	-0.003998823	5.49E-04	-0.009824363
680	-0.008627019	-0.004029524	5.55E-04	-0.009816688
682	-0.008665395	-0.004113952	5.58E-04	-0.009862739
684	-0.008650045	-0.004075576	5.64E-04	-0.009785987
686	-0.008619344	-0.0040679	5.71E-04	-0.009801337
688	-0.008619344	-0.004060225	5.70E-04	-0.009739935
690	-0.008619344	-0.00405255	5.70E-04	-0.009663182
692	-0.008680746	-0.004037199	5.67E-04	-0.009709234
694	-0.008619344	-0.004014173	5.70E-04	-0.009701559
696	-0.008573292	-0.003991147	5.60E-04	-0.009609455
698	-0.00865772	-0.004029524	5.53E-04	-0.009647832
700	-0.008611668	-0.003998823	5.49E-04	-0.009594105
702	-0.008603993	-0.003960446	5.39E-04	-0.009525027
704	-0.008542591	-0.003914395	5.26E-04	-0.009478975
706	-0.008611668	-0.003899044	5.15E-04	-0.009509676
708	-0.008596318	-0.003860668	5.03E-04	-0.009425248
710	-0.008650045	-0.003852992	4.91E-04	-0.009486651
712	-0.008565617	-0.003768564	4.78E-04	-0.009448274
714	-0.008573292	-0.003684136	4.65E-04	-0.009425248
716	-0.008534915	-0.00366111	4.53E-04	-0.009448274
718	-0.00851189	-0.003538306	4.36E-04	-0.009371521
720	-0.008427461	-0.003407826	4.25E-04	-0.009386872
722	-0.008389085	-0.003277346	4.09E-04	-0.00934082
724	-0.00838141	-0.003246645	3.96E-04	-0.009317794
726	-0.008335358	-0.003062438	3.89E-04	-0.009248717
728	-0.008243255	-0.002878231	3.70E-04	-0.009202665
730	-0.008243255	-0.002647973	3.62E-04	-0.009133588
732	-0.008243255	-0.002463766	3.52E-04	-0.00906451
734	-0.008273956	-0.002387013	3.39E-04	-0.009072185
736	-0.008243255	-0.002256533	3.28E-04	-0.009041484
738	-0.008151151	-0.002072327	3.09E-04	-0.008872628
740	-0.008128125	-0.002118378	2.99E-04	-0.008841927
742	-0.007982295	-0.002003249	2.89E-04	-0.008680746
744	-0.007966944	-0.002049301	2.74E-04	-0.008611668
746	-0.007874841	-0.002049301	2.61E-04	-0.008542591
748	-0.007905542	-0.002072327	2.57E-04	-0.008519565
750	-0.007744361	-0.002010924	2.40E-04	-0.008481188
752	-0.007759712	-0.002087677	2.29E-04	-0.008542591
754	-0.007667608	-0.002080002	2.23E-04	-0.008519565
756	-0.007690634	-0.002110703	2.16E-04	-0.008496539
758	-0.007575505	-0.002026275	2.03E-04	-0.008450487
760	-0.007598531	-0.002056976	1.93E-04	-0.008427461
762	-0.007690634	-0.002110703	1.81E-04	-0.008404436
764	-0.007690634	-0.002141404	1.81E-04	-0.00838141
766	-0.007966944	-0.002026275	1.66E-04	-0.00838141
768	-0.007966944	-0.002080002	1.63E-04	-0.008335358
770	-0.008197203	-0.002241183	1.60E-04	-0.008450487
772	-0.008335358	-0.002279559	1.50E-04	-0.008496539
774	-0.00826628	-0.002210482	1.43E-04	-0.008450487
776	-0.008450487	-0.002394688	1.40E-04	-0.008611668
778	-0.008427461	-0.002371663	1.30E-04	-0.00865772
780	-0.008473513	-0.002394688	1.34E-04	-0.008665395
782	-0.008450487	-0.00244074	1.26E-04	-0.008726798
784	-0.008496539	-0.002578895	1.19E-04	-0.008749823
786	-0.008488864	-0.002532844	1.17E-04	-0.008749823
788	-0.008450487	-0.002509818	1.14E-04	-0.00865772
790	-0.008450487	-0.002647973	1.13E-04	-0.008749823
792	-0.008496539	-0.002763102	1.03E-04	-0.008818901
794	-0.008519565	-0.00283218	1.10E-04	-0.008841927
796	-0.008427461	-0.002755427	1.01E-04	-0.008749823
798	-0.008488864	-0.002855206	9.48E-05	-0.008795875
800	-0.00838141	-0.00283218	9.14E-05	-0.008680746
802	-0.008335358	-0.002862881	9.10E-05	-0.00865772
804	-0.008289306	-0.002862881	8.76E-05	-0.008627019
806	-0.008350709	-0.002970335	8.71E-05	-0.00865772
808	-0.00826628	-0.002924283	8.16E-05	-0.008565617
810	-0.00826628	-0.002947309	7.48E-05	-0.008588642
812	-0.008174177	-0.002924283	7.54E-05	-0.008496539
814	-0.0081051	-0.002816829	7.27E-05	-0.008473513
816	-0.0081051	-0.00284753	7.46E-05	-0.008335358
818	-0.008059048	-0.002763102	7.59E-05	-0.008404436
820	-0.008082074	-0.002709375	7.30E-05	-0.00838141
822	-0.008082074	-0.002624947	6.95E-05	-0.008404436
824	-0.00798997	-0.00244074	6.14E-05	-0.008312332
826	-0.008036022	-0.002233508	7.19E-05	-0.008358384
828	-0.00798997	-0.002072327	6.42E-05	-0.008289306
830	-0.008012996	-0.001772991	6.37E-05	-0.008243255
832	-0.008012996	-0.001542732	6.09E-05	-0.008151151
834	-0.008012996	-0.001512031	6.53E-05	-0.008220229
836	-0.007966944	-0.001243396	6.49E-05	-0.008012996
838	-0.008012996	-0.001266422	5.64E-05	-0.008082074
840	-0.007966944	-0.001158968	5.81E-05	-0.00798997
842	-0.008082074	-0.001228045	5.98E-05	-0.008059048
844	-0.008036022	-0.001105241	5.92E-05	-0.008036022
846	-0.008012996	-0.001013137	5.64E-05	-0.007966944
848	-0.008036022	-0.001013137	5.75E-05	-0.007966944
850	-0.008036022	-0.000921034	5.19E-05	-0.007966944
852	-0.008012996	-0.000851956	5.96E-05	-0.00785949
854	-0.008036022	-0.000851956	5.68E-05	-0.007874841
856	-0.00798997	-0.000759853	4.97E-05	-0.007759712
858	-0.007920893	-0.00066775	5.25E-05	-0.007690634
860	-0.007897867	-0.000598672	4.70E-05	-0.007483402
862	-0.00785949	-0.000690776	4.74E-05	-0.0074527
864	-0.007851815	-0.000713801	4.46E-05	-0.007283844
866	-0.007805763	-0.000598672	4.79E-05	-0.00716104
868	-0.007590856	-0.000483543	4.91E-05	-0.006984508
870	-0.007460376	-0.000391439	5.24E-05	-0.006923106
872	-0.007322221	-0.000299336	4.47E-05	-0.006915431
874	-0.007091962	-0.000184207	4.88E-05	-0.006815652
876	-0.006838678	-4.61E-05	4.53E-05	-0.006861704
878	-0.006631445	-6.91E-05	4.71E-05	-0.006861704
880	-0.006193954	0.000207233	4.58E-05	-0.006746574
882	-0.00582554	0.000253284	4.25E-05	-0.006654471
884	-0.005249894	0.000414465	4.50E-05	-0.006424212
886	-0.004812403	0.000437491	4.05E-05	-0.006286057
888	-0.004305834	0.000529595	4.33E-05	-0.006078825
890	-0.004083251	0.000644724	4.22E-05	-0.005986721
892	-0.003937421	0.000736827	4.47E-05	-0.005871592
894	-0.003799265	0.001013137	4.42E-05	-0.005318972
896	-0.003799265	0.000990112	3.95E-05	-0.004965909
898	-0.003584357	0.001158968	4.17E-05	-0.00432886
900	-0.003338748	0.001304798	3.89E-05	-0.003691811
902	-0.003016386	0.001396902	4.22E-05	-0.003100815
904	-0.002509818	0.001542732	4.14E-05	-0.002509818
906	-0.001895795	0.001734614	4.00E-05	-0.001957197
908	-0.001135942	0.001895795	4.45E-05	-0.001389226
910	-0.000368414	0.002072327	3.83E-05	-0.000898008
912	0.000307011	0.002256533	3.56E-05	-0.000491218
914	0.000913359	0.002586571	4.06E-05	-0.000291661
916	0.001419927	0.002893582	3.85E-05	-0.000383764
918	0.001972548	0.0033848	3.85E-05	-0.00055262
920	0.002509818	0.00392207	3.44E-05	-0.000798229
922	0.002954984	0.004467015	3.25E-05	-0.000990112
924	0.003300372	0.005234543	3.74E-05	-0.001005462
926	0.003338748	0.006017422	3.37E-05	-0.000974761
928	0.00323897	0.00703056	3.67E-05	-0.000790554
930	0.00271705	0.007936243	3.44E-05	-0.000652399
932	0.001842068	0.00906451	3.44E-05	-0.000529595
934	0.000713801	0.010407685	3.26E-05	-0.00040679
936	-0.000468192	0.011720158	3.39E-05	-0.000391439
938	-0.001711588	0.013155436	2.64E-05	-0.000544945
940	-0.002870556	0.014813297	3.68E-05	-0.000782879
942	-0.003722513	0.016624664	3.42E-05	-0.00107454
944	-0.00447469	0.018673965	3.17E-05	-0.001435278
946	-0.005081038	0.021145406	3.07E-05	-0.001949522
948	-0.005572256	0.023839431	2.88E-05	-0.002471441
950	-0.005925319	0.02693257	3.22E-05	-0.002947309
952	-0.006240006	0.029987333	3.09E-05	-0.003507605
954	-0.006447238	0.03301907	2.87E-05	-0.003899044
956	-0.006585393	0.03544446	2.85E-05	-0.004275133
958	-0.006723548	0.037386307	2.62E-05	-0.004574469
960	-0.006854028	0.038714131	2.73E-05	-0.004712624
962	-0.006923106	0.039727268	2.56E-05	-0.004812403
964	-0.006907755	0.04044107	1.89E-05	-0.004789377
966	-0.006984508	0.040901587	2.15E-05	-0.004781702
968	-0.006992183	0.041223948	2.74E-05	-0.004620521
970	-0.007068936	0.041492583	2.48E-05	-0.004582144
972	-0.007068936	0.041653764	2.53E-05	-0.004451665
974	-0.007038235	0.041799595	2.52E-05	-0.004321185
976	-0.00703056	0.041615388	2.86E-05	-0.004252107
978	-0.007091962	0.041385129	2.29E-05	-0.004236757
980	-0.007038235	0.041101144	2.38E-05	-0.0040679
982	-0.006953807	0.040632952	2.66E-05	-0.003968122
984	-0.006915431	0.040064981	2.67E-05	-0.003876018
986	-0.006854028	0.039443283	2.15E-05	-0.003707162
988	-0.00662377	0.038790884	2.79E-05	-0.003507605
990	-0.006531666	0.037900551	2.64E-05	-0.003407826
992	-0.006324434	0.037079295	2.42E-05	-0.00325432
994	-0.006071149	0.036334793	2.46E-05	-0.003054763
996	-0.005886943	0.035298629	2.63E-05	-0.002985685
998	-0.005625983	0.034377595	2.79E-05	-0.002778453
1000	-0.005457127	0.033310731	2.01E-05	-0.0027017
1002	-0.005173141	0.032251542	0	-0.002594246
1004	-0.004889156	0.03113095	0	-0.002433065
1006	-0.004551443	0.030163865	0	-0.002202806
1008	-0.004221406	0.02908165	0	-0.002041625
1010	-0.003929745	0.027915007	0	-0.001872769
1012	-0.003569007	0.026886519	0	-0.001650186
1014	-0.003231294	0.025742901	0	-0.001458304
1016	-0.003085464	0.02462231	0	-0.001435278
1018	-0.002962659	0.023486368	0	-0.001427603
1020	-0.002732401	0.022434854	0	-0.001373876
1022	-0.002670999	0.021321938	0	-0.00135085
1024	-0.002502142	0.020216697	0	-0.001435278
1026	-0.002387013	0.019234261	0	-0.001450629
1028	-0.002172105	0.018305551	0	-0.001427603
1030	-0.002026275	0.017361492	0	-0.001358525
1032	-0.001849743	0.016471159	0	-0.0013662
1034	-0.001734614	0.015657579	0	-0.001281772
1036	-0.001650186	0.014920751	0	-0.00122037
1038	-0.001650186	0.014068795	0	-0.001135942
1040	-0.001865094	0.013239864	0	-0.001243396
1042	-0.001849743	0.012779347	0	-0.001013137
1044	-0.00203395	0.012157649	0	-0.000982436
1046	-0.002256533	0.011512925	0	-0.001013137
1048	-0.002410039	0.01109846	0	-0.00094406
1050	-0.002763102	0.010453736	0	-0.001105241
1052	-0.002901257	0.010077647	0	-0.001105241
1054	-0.00310849	0.009824363	0	-0.001158968
1056	-0.003315723	0.009509676	0	-0.001097566
1058	-0.003691811	0.009049159	0	-0.001381551
1060	-0.003906719	0.008911004	0	-0.001312474
1062	-0.003945096	0.008826576	0	-0.001412252
1064	-0.004152328	0.008696096	0	-0.001489005
1066	-0.004282808	0.008627019	0	-0.001442953
1068	-0.004420963	0.008719122	0	-0.001665537
1070	-0.00460517	0.008565617	0	-0.001964873
1072	-0.00458982	0.0087882	0	-0.002072327
1074	-0.004812403	0.008634694	0	-0.002448415
1076	-0.004896831	0.008911004	0	-0.002578895
1078	-0.005119414	0.008980082	0	-0.003039412
1080	-0.005065687	0.00932547	0	-0.003093139
1082	-0.005334322	0.009448274	0	-0.003476903
1084	-0.005180816	0.009916466	0	-0.003430852
1086	-0.005249894	0.010277205	0	-0.003753214
1088	-0.005318972	0.010783774	0	-0.003753214
1090	-0.005526204	0.011182888	0	-0.004090926
1092	-0.005587606	0.011566652	0	-0.004206055
1094	-0.005441776	0.012364882	0	-0.004098601
1096	-0.005856241	0.012503037	0	-0.004405613
1098	-0.005318972	0.013470123	0	-0.004037199
1100	-0.005495503	0.0135392	0	-0.004129303
